Код,Название
Код,Название
Код,Название
Код,Название,Порядок
Код,Название
Код,Название
Код,Название
Код,Название
Код,Название
Код,Название
Код,Название
Код,Название
Код,Название
Код,Название
Код,Название
Код,Название
Код,Название
Код,Название
111
111
111
111
111
111
111
111
111
111
111
111
111
111
111
111
111
111
111
111
111
111
111
111
111
111
111
111
111
111
111
111
111
111
111
111
111
111
111
111
111
111
111
111
111
111
111
111
111
111
111
111
111
111
111
111
111
111
111
111
111
111
111
111
111
111
111
111
111
111
111
111
111
111
111
111
111
111
111
111
111
111
111
111
111
111
111
111
111
111
111
111
111
111
111
111
111
111
111
111
111
111
111
111
111
111
111
111
111
111
111
111
111
111
111
111
111
111
111
111
111
111
111
111
111
111
111
111
111
111
111
111
111
111
111
111
111
111
111
111
111
111















WHERE (Название NOT LIKE N'%[^А-Яа-яЁё ]%')


